# oST version 5.0 parameters


[image]

width
640

height
480

[narrow_stereo]

camera matrix
529.717137 0.000000 320.693510
0.000000 532.742963 264.203732
0.000000 0.000000 1.000000

distortion
0.179191 -0.297329 0.001467 -0.002711 0.000000

rectification
1.000000 0.000000 0.000000
0.000000 1.000000 0.000000
0.000000 0.000000 1.000000

projection
542.874146 0.000000 318.679944 0.000000
0.000000 546.720581 264.239638 0.000000
0.000000 0.000000 1.000000 0.000000

